[gd_scene load_steps=2 format=2]

[ext_resource path="res://characters/animation/running(1).glb" type="PackedScene" id=1]

[node name="running(1)" instance=ExtResource( 1 )]

[node name="Armature" parent="." index="2"]
transform = Transform( 0.990874, -0.00699605, -0.134612, -0.0110442, 0.991081, -0.132805, 0.13434, 0.13308, 0.981959, 2.32141, 1.51953, -1.85339 )

[node name="lowerspine" parent="Armature/hips" index="0"]
transform = Transform( 0.96358, 0.0520502, 0.262305, 0.0123826, 0.971139, -0.238194, -0.267133, 0.232767, 0.935125, 0, 0.1642, 0 )

[node name="middlespine" parent="Armature/hips/lowerspine" index="0"]
transform = Transform( 0.999243, -0.0234986, 0.0310108, 0.0216206, 0.99799, 0.0595656, -0.0323482, -0.05885, 0.997743, -2.38419e-07, 0.2241, 1.19209e-07 )

[node name="chest" parent="Armature/hips/lowerspine/middlespine" index="0"]
transform = Transform( 0.99833, -0.048706, 0.0310791, 0.0468193, 0.997172, 0.0587919, -0.0338547, -0.0572386, 0.997786, -3.27109e-09, 0.3608, 0 )

[node name="neck" parent="Armature/hips/lowerspine/middlespine/chest" index="0"]
transform = Transform( 0.997451, 0.055044, -0.0454054, -0.0583561, 0.995462, -0.0751694, 0.0410617, 0.0776275, 0.996136, -5.3957e-07, 0.3875, 9.49977e-08 )

[node name="head" parent="Armature/hips/lowerspine/middlespine/chest/neck" index="0"]
transform = Transform( 0.998313, 0.0414593, -0.0406507, -0.0418346, 0.999089, -0.00842488, 0.0402643, 0.0101113, 0.999138, 2.05921e-07, 0.3556, 4.01774e-07 )

[node name="head_end" parent="Armature/hips/lowerspine/middlespine/chest/neck/head" index="0"]
transform = Transform( 1, 2.3283e-09, 7.79984e-09, -2.3283e-09, 1, -3.51004e-16, -7.79984e-09, 3.32844e-16, 1, 2.38362e-07, 1.0802, -1.86812e-07 )

[node name="shoulderL" parent="Armature/hips/lowerspine/middlespine/chest" index="1"]
transform = Transform( -0.278269, 0.949225, -0.146757, -0.957038, -0.286975, -0.0415013, -0.0815096, 0.128903, 0.988302, -6.29491e-08, 0.3875, 2.14207e-07 )

[node name="upperarmL" parent="Armature/hips/lowerspine/middlespine/chest/shoulderL" index="0"]
transform = Transform( 0.417806, 0.316471, 0.851636, -0.83762, 0.497239, 0.226154, -0.351895, -0.807836, 0.472832, -1.24611e-07, 0.5265, 6.43662e-08 )

[node name="forearmL" parent="Armature/hips/lowerspine/middlespine/chest/shoulderL/upperarmL" index="0"]
transform = Transform( 1, 4.03395e-08, 3.31781e-07, 3.04055e-07, 0.302359, -0.953194, -1.38769e-07, 0.953194, 0.302359, -4.72448e-08, 0.392, -9.20286e-08 )

[node name="handL" parent="Armature/hips/lowerspine/middlespine/chest/shoulderL/upperarmL/forearmL" index="0"]
transform = Transform( 0.985785, 0.0416182, -0.162775, -0.0307096, 0.997146, 0.0689682, 0.165181, -0.0629891, 0.98425, -3.04015e-08, 0.3602, -3.2424e-08 )

[node name="handL_end" parent="Armature/hips/lowerspine/middlespine/chest/shoulderL/upperarmL/forearmL/handL" index="0"]
transform = Transform( 1, -1.49012e-08, 3.7253e-09, 1.49012e-08, 1, 2.77538e-17, -3.7253e-09, 2.77575e-17, 1, 1.48412e-07, 0.2038, -1.51633e-07 )

[node name="shoulderR" parent="Armature/hips/lowerspine/middlespine/chest" index="2"]
transform = Transform( -0.226303, -0.970532, 0.0827973, 0.973017, -0.229171, -0.0268259, 0.0450101, 0.0744924, 0.996205, -0.0102999, 0.3809, -2.18992e-08 )

[node name="upperarmR" parent="Armature/hips/lowerspine/middlespine/chest/shoulderR" index="0"]
transform = Transform( 0.759243, -0.620861, 0.195143, 0.650454, 0.733791, -0.196113, -0.0214346, 0.275829, 0.960968, -7.74363e-08, 0.4938, 2.52141e-08 )

[node name="forearmR" parent="Armature/hips/lowerspine/middlespine/chest/shoulderR/upperarmR" index="0"]
transform = Transform( 1, -1.98113e-07, -1.08449e-07, -1.16791e-07, -0.0426048, -0.999092, 1.93313e-07, 0.999092, -0.0426048, 2.252e-07, 0.392, -9.20286e-08 )

[node name="handR" parent="Armature/hips/lowerspine/middlespine/chest/shoulderR/upperarmR/forearmR" index="0"]
transform = Transform( 0.902344, 0.364388, 0.230209, -0.350763, 0.931207, -0.0990939, -0.250481, 0.00866797, 0.968083, -2.92032e-08, 0.3602, -3.24239e-08 )

[node name="handR_end" parent="Armature/hips/lowerspine/middlespine/chest/shoulderR/upperarmR/forearmR/handR" index="0"]
transform = Transform( 1, -1.11759e-08, 5.91647e-31, 1.11759e-08, 1, -1.05879e-22, 5.91647e-31, 1.05879e-22, 1, 2.09215e-07, 0.2038, -3.24239e-08 )

[node name="thighL" parent="Armature/hips" index="1"]
transform = Transform( -0.981321, 0.0807434, 0.174604, 0.0212955, -0.856484, 0.515713, 0.191194, 0.50982, 0.838731, 0.3236, -0.0319, -0.0273001 )

[node name="legL" parent="Armature/hips/thighL" index="0"]
transform = Transform( 0.97767, 0.0212777, -0.209065, 0.121437, -0.869136, 0.479433, -0.171504, -0.494115, -0.852312, -2.97753e-07, 0.4527, 1.55179e-07 )

[node name="footL" parent="Armature/hips/thighL/legL" index="0"]
transform = Transform( 0.998197, -0.0546535, -0.024818, -0.0456669, -0.423149, -0.904909, 0.0389547, 0.90441, -0.424881, -1.17936e-07, 0.447201, -1.4577e-07 )

[node name="toeL" parent="Armature/hips/thighL/legL/footL" index="0"]
transform = Transform( 1, -1.32936e-07, 1.49119e-06, 3.521e-07, 0.988994, -0.147953, -1.45511e-06, 0.147953, 0.988994, 3.31389e-07, 0.169106, 6.43501e-08 )

[node name="toeL_end" parent="Armature/hips/thighL/legL/footL/toeL" index="0"]
transform = Transform( 1, 2.23516e-08, 4.6881e-09, -2.23516e-08, 1, 5.34515e-12, -4.6881e-09, -5.34525e-12, 1, -2.24557e-07, 0.141906, -7.15854e-08 )

[node name="thighR" parent="Armature/hips" index="2"]
transform = Transform( -0.997485, 0.0277906, -0.0652049, -0.025325, -0.998944, -0.0383388, -0.0662018, -0.0365912, 0.997131, -0.355, -0.0388, -0.0273002 )

[node name="legR" parent="Armature/hips/thighR" index="0"]
transform = Transform( 0.982373, 0.0410254, -0.182371, 0.0419217, 0.902416, 0.428822, 0.182167, -0.428908, 0.88479, -1.55256e-07, 0.4527, 3.1956e-08 )

[node name="footR" parent="Armature/hips/thighR/legR" index="0"]
transform = Transform( 0.981179, -0.0895552, -0.17108, -0.158432, 0.133167, -0.978349, 0.110398, 0.987039, 0.116472, -3.72425e-07, 0.4472, 1.49119e-08 )

[node name="toeR" parent="Armature/hips/thighR/legR/footR" index="0"]
transform = Transform( 1, -3.24239e-06, -7.87982e-06, -2.55017e-06, 0.768497, -0.639854, 8.13027e-06, 0.639854, 0.768497, 3.72046e-08, 0.1691, -8.11225e-08 )

[node name="toeR_end" parent="Armature/hips/thighR/legR/footR/toeR" index="0"]
transform = Transform( 1, -1.1234e-08, -2.08246e-10, 1.1234e-08, 1, -7.4483e-09, 2.08246e-10, 7.4483e-09, 1, -4.29002e-07, 0.141901, -1.2105e-07 )
