[gd_scene load_steps=12 format=2]

[ext_resource path="res://environment/minigames/sipa/Scene/floor.tscn" type="PackedScene" id=1]
[ext_resource path="res://environment/minigames/sipa/Scene/SipaCharacter.tscn" type="PackedScene" id=2]
[ext_resource path="res://environment/minigames/sipa/Script/floor.gd" type="Script" id=3]
[ext_resource path="res://environment/minigames/sipa/Script/ScoreLabel.gd" type="Script" id=4]
[ext_resource path="res://environment/minigames/sipa/Scene/pebble.tscn" type="PackedScene" id=5]
[ext_resource path="res://environment/minigames/sipa/Script/main.gd" type="Script" id=6]
[ext_resource path="res://tools/camera.tscn" type="PackedScene" id=7]
[ext_resource path="res://environment/minigames/sipa/Scene/CanvasLayer.tscn" type="PackedScene" id=8]
[ext_resource path="res://characters/player/player.tscn" type="PackedScene" id=9]

[sub_resource type="PhysicsMaterial" id=1]
bounce = 1.0

[sub_resource type="SphereShape" id=2]
radius = 0.122034

[node name="Sipa" type="Spatial"]
transform = Transform( 1, 0, 0, 0, 1, 0, 0, 0, 1, -0.014286, 0.0537572, 0.00643539 )
script = ExtResource( 6 )

[node name="User Interface" type="Control" parent="."]
margin_right = 40.0
margin_bottom = 40.0
__meta__ = {
"_edit_use_anchors_": false
}

[node name="ScoreLabel" type="Label" parent="User Interface"]
margin_left = 62.0
margin_top = 46.0
margin_right = 225.0
margin_bottom = 104.0
text = "Score:"
script = ExtResource( 4 )
__meta__ = {
"_edit_use_anchors_": false
}

[node name="floor" parent="." instance=ExtResource( 1 )]
transform = Transform( 1, 0, 0, 0, 1, 0, 0, 0, 1, 0, 0, -0.919349 )
collision_layer = 8
collision_mask = 53
script = ExtResource( 3 )

[node name="MeshInstance" parent="floor" index="0"]
transform = Transform( 5, 0, 0, 0, 1, 0, 0, 0, 5, 0.0189254, -2.38419e-07, -0.0192716 )

[node name="Area" parent="floor" index="2"]
collision_layer = 32
collision_mask = 28

[node name="character" parent="." instance=ExtResource( 2 )]
transform = Transform( -4.37114e-08, 0, 1, 0, 1, 0, -1, 0, -4.37114e-08, -46.4798, 0.478476, -0.626945 )
visible = false
collision_layer = 4
collision_mask = 24

[node name="CollisionShape" parent="character" index="0"]
transform = Transform( 1, 0, 0, 0, 1, 0, 0, 0, 1, -0.261483, 0.421404, 0.209301 )

[node name="Armature" parent="character" index="1"]
transform = Transform( 0.5, 0, 1.49012e-08, 4.65661e-10, 0.5, 3.25963e-09, -2.98023e-08, 5.23869e-09, 0.5, -1.48079, -0.501464, 0.145557 )

[node name="AnimationPlayer" parent="character/Armature" index="1"]
playback_speed = 0.7

[node name="kick_area" parent="character" index="2"]
transform = Transform( 0.996718, 0.0257744, 0.0767395, -0.0170539, 0.99354, -0.112197, -0.0791356, 0.11052, 0.990718, -0.0724396, -1.00772, -0.428068 )

[node name="CollisionShape" parent="character/kick_area" index="0"]
transform = Transform( 0.9991, 0.00613676, -0.0419848, -0.000552149, 0.991282, 0.131751, 0.0424275, -0.131609, 0.990393, -0.197456, 1.48632, 0.39584 )

[node name="pebble" parent="." instance=ExtResource( 5 )]
transform = Transform( 1, 0, 0, 0, 1, 0, 0, 0, 1, 0.347278, 3.05614, -0.214395 )
collision_mask = 108
physics_material_override = SubResource( 1 )
gravity_scale = 0.18
continuous_cd = true
axis_lock_linear_z = true
linear_damp = 0.5
angular_damp = 0.1

[node name="Area" type="Area" parent="pebble"]
transform = Transform( 1, 0, 0, 0, 1, 0, 0, 0, 1, 0, 0, 0.0659187 )
collision_mask = 120

[node name="CollisionShape" type="CollisionShape" parent="pebble/Area"]
transform = Transform( 1, 0, 0, 0, 1, 0, 0, 0, 1, 0, 0.0910485, -0.0704753 )
shape = SubResource( 2 )

[node name="camera" parent="." instance=ExtResource( 7 )]
transform = Transform( 1, 0, 0, 0, 0.944382, 0.32885, 0, -0.32885, 0.944382, 0.00248623, 4.19023, 6.63774 )
fov = 30.7
player_scene = NodePath("../character")
follow_offset = Vector2( 200, 100 )

[node name="CanvasLayer" parent="." instance=ExtResource( 8 )]

[node name="player" parent="." instance=ExtResource( 9 )]
transform = Transform( -0.0987119, 0, 0.995116, 0, 1, 0, -0.995116, 0, -0.0987119, 9.31323e-10, 0.628902, 0 )

[connection signal="body_entered" from="character/kick_area" to="pebble" method="_on_kick_area_body_entered"]
[connection signal="body_entered" from="pebble/Area" to="character" method="_on_Area_body_entered"]
[connection signal="body_entered" from="pebble/Area" to="floor" method="_on_Area_body_entered"]

[editable path="floor"]
[editable path="character"]
[editable path="character/Armature"]
[editable path="pebble"]
